11
電機 中文 小機 法律 財金 外文 物理 通訊 勞工 政治 哲學
0 0 0 0 0 0 0 0 0 1 0 
19 25 21 25 0 0 0 2
15 25 17 25 0 0 0 2
25 14 25 19 0 0 2 0
25 16 25 20 0 0 2 0
25 14 22 25 15 12 2 1
25 7 25 14 0 0 2 0
25 27 25 20 15 12 2 1
19 25 25 15 15 13 2 1
25 19 25 10 0 0 2 0
25 17 25 17 0 0 2 0
23 25 25 23 15 13 2 1
20 25 23 25 0 0 0 2
19 25 30 28 11 15 1 2
24 26 14 25 0 0 0 2
2 25 1 25 0 0 0 2
18 25 27 25 15 17 1 2
22 25 25 17 15 12 2 1
22 25 26 24 15 8 2 1
25 2 25 21 0 0 2 0
19 25 15 25 0 0 0 2
25 18 10 25 13 15 1 2
19 25 17 25 0 0 0 2
22 25 17 25 0 0 0 2
26 24 25 21 0 0 2 0
25 10 24 26 10 15 1 2
28 26 25 17 0 0 2 0
25 15 20 25 15 10 2 1
25 17 25 21 0 0 2 0
23 25 25 23 15 7 2 1
25 22 25 20 0 0 2 0
25 12 25 23 0 0 2 0
25 10 21 25 15 11 2 1
25 -1 25 -1 0 0 2 0
25 8 25 15 0 0 2 0
17 25 25 20 16 18 1 2
25 21 20 25 12 15 1 2
25 17 25 22 0 0 2 0
25 13 21 25 15 17 1 2
25 16 20 25 15 8 2 1
25 12 25 17 0 0 2 0
14 25 25 21 15 9 2 1
25 11 25 14 0 0 2 0
25 18 25 23 0 0 2 0
22 25 25 16 15 10 2 1
25 5 25 17 0 0 2 0
25 21 25 20 0 0 2 0
25 10 25 12 0 0 2 0
25 20 21 25 15 9 2 1
27 25 25 6 0 0 2 0
16 25 25 22 8 15 1 2
21 25 28 26 15 9 2 1
25 14 25 14 0 0 2 0
25 21 17 25 15 17 1 2
22 25 25 22 15 11 2 1
25 14 25 15 0 0 2 0
