10
大機 資工 法數 企管 心理 資管 經濟 化生 地環 化工
0 0 0 0 0 0 0 0 0 0 
22 25 25 15 17 15 2 1
25 14 26 24 0 0 2 0
25 17 25 21 0 0 2 0
25 12 25 20 0 0 2 0
25 9 25 20 0 0 2 0
25 18 25 11 0 0 2 0
25 -1 25 -1 0 0 2 0
25 3 25 17 0 0 2 0
25 17 25 14 0 0 2 0
18 25 19 25 0 0 0 2
25 18 19 25 15 10 2 1
25 16 25 20 0 0 2 0
25 19 21 25 15 7 2 1
25 10 27 25 0 0 2 0
25 22 25 21 0 0 2 0
25 16 25 14 0 0 2 0
25 18 14 25 15 5 2 1
22 25 25 17 15 9 2 1
25 5 25 16 0 0 2 0
12 25 23 25 0 0 0 2
25 22 20 25 15 10 2 1
25 9 17 25 15 9 2 1
25 20 25 17 0 0 2 0
25 15 25 14 0 0 2 0
25 21 25 15 0 0 2 0
12 25 21 25 0 0 0 2
20 25 25 19 15 13 2 1
18 25 24 26 0 0 0 2
25 15 18 25 15 12 2 1
25 15 25 20 0 0 2 0
15 25 19 25 0 0 0 2
23 25 12 25 0 0 0 2
21 25 21 25 0 0 0 2
25 18 25 21 0 0 2 0
14 25 25 23 15 13 2 1
15 25 24 26 0 0 0 2
20 25 26 24 15 11 2 1
25 16 25 14 0 0 2 0
25 21 27 25 0 0 2 0
26 24 29 27 0 0 2 0
25 15 25 18 0 0 2 0
20 25 20 25 0 0 0 2
25 12 25 16 0 0 2 0
23 25 25 15 15 9 2 1
25 15 25 16 0 0 2 0
