11
犯防 資管 財金大 企管大 外文 傳播正MAN 法律 成教 勞工 政治 數學
0 0 0 0 0 0 0 0 0 0 0
25 9 25 17 0 0 2 0
25 16 25 14 0 0 2 0
25 12 25 10 0 0 2 0
25 27 23 25 0 0 0 2
25 9 25 9 0 0 2 0
23 25 19 25 0 0 0 2
25 11 25 7 0 0 2 0
25 9 25 7 0 0 2 0
25 12 25 19 0 0 2 0
25 23 25 22 0 0 2 0
17 25 11 25 0 0 0 2
25 22 25 18 0 0 2 0
17 25 19 25 0 0 0 2
16 25 14 25 0 0 0 2
10 25 25 16 3 15 1 2
24 26 25 23 15 6 2 1
23 25 25 22 15 8 2 1
25 16 25 14 0 0 2 0
25 21 20 25 15 11 2 1
25 20 17 25 15 5 2 1
25 14 25 21 0 0 2 0
25 11 25 14 0 0 2 0
25 20 13 25 8 15 1 2
25 12 25 19 0 0 2 0
25 12 25 10 0 0 2 0
25 22 25 9 0 0 2 0
21 25 25 27 0 0 0 2
22 25 18 25 0 0 0 2
25 11 25 12 0 0 2 0
20 25 24 26 0 0 0 2
22 25 25 13 14 16 1 2
25 22 20 25 15 11 2 1
25 18 9 25 12 15 1 2
21 25 24 26 0 0 0 2
25 12 25 21 0 0 2 0
25 19 22 25 15 6 2 1
25 20 25 16 0 0 2 0
25 22 25 17 0 0 2 0
21 25 25 19 16 14 2 1
26 24 25 18 0 0 2 0
23 25 11 25 0 0 0 2
19 25 16 25 0 0 0 2
16 25 26 24 7 15 1 2
25 -1 25 -1 0 0 2 0
15 25 22 25 0 0 0 2
25 14 25 23 0 0 2 0
25 12 25 20 0 0 2 0
25 17 25 18 0 0 2 0
17 25 21 25 0 0 0 2
25 20 25 17 0 0 2 0
19 25 25 22 14 16 1 2
17 25 11 25 0 0 0 2
16 25 10 25 0 0 0 2
16 25 23 25 0 0 0 2
25 23 21 25 12 15 1 2
