11
心理 社福 財金小 企管小 中文 會計 歷史 經濟 資工 化工 地環
0 0 0 0 0 0 0 1 0 0 0 
20 25 11 25 0 0 0 2
25 18 18 25 7 15 1 2
19 25 20 25 0 0 0 2
25 19 25 22 0 0 2 0
12 25 21 25 0 0 0 2
20 25 20 25 0 0 0 2
20 25 19 25 0 0 0 2
26 24 27 25 0 0 2 0
15 25 21 25 0 0 0 2
25 20 25 21 0 0 2 0
25 19 25 22 0 0 2 0
25 11 25 16 0 0 2 0
25 4 25 8 0 0 2 0
25 13 25 20 0 0 2 0
25 23 25 18 0 0 2 0
25 17 25 22 0 0 2 0
25 12 25 12 0 0 2 0
25 15 25 21 0 0 2 0
25 13 25 15 0 0 2 0
25 18 14 25 11 15 1 2
25 19 25 8 0 0 2 0
18 25 16 25 0 0 0 2
22 25 22 25 0 0 0 2
13 25 13 25 0 0 0 2
8 25 25 27 0 0 0 2
25 14 6 25 15 10 2 1
25 9 25 13 0 0 2 0
25 17 21 25 15 10 2 1
23 25 19 25 0 0 0 2
26 24 24 26 14 16 1 2
26 24 25 20 0 0 2 0
22 25 25 23 12 15 1 2
15 25 25 14 14 16 1 2
25 21 25 14 0 0 2 0
9 25 12 25 0 0 0 2
13 25 23 25 0 0 0 2
7 25 12 25 0 0 0 2
16 25 8 25 0 0 0 2
17 25 16 25 0 0 0 2
24 26 19 25 0 0 0 2
25 22 25 23 0 0 2 0
8 25 25 10 10 15 1 2
25 23 25 11 0 0 2 0
17 25 25 20 11 15 1 2
25 11 25 17 0 0 2 0
19 25 20 25 0 0 0 2
16 25 18 25 0 0 0 2
26 24 13 25 6 15 1 2
25 7 25 16 0 0 2 0
25 20 20 25 15 4 2 1
25 20 29 27 0 0 2 0
25 10 25 10 0 0 2 0
16 25 25 21 13 15 1 2
25 23 13 25 15 13 2 1
25 13 25 27 15 10 2 1
